Kevin Durant 35 6'11 2007 240 Texas 26.4 6.8 5.4 88.2 52.7 38.4 25.3 117.0 104.7 29 1.2 3.1 1.1 Warriors 11    
Draymond Green 23 6'7 2012 230 MichiganSt 9.3 6.9 4.6 70.7 50.5 32.7 15.7 107.9 103.2 28 1.4 2.0 1.1 Warriors 6
Paul George 13 6'9 2010 220 Fresno 18.6 6.2 3.2 84.4 46.8 37.6 18.5 107.3 101.6 28 1.7 2.6 0.4 Thunder 8 
Carmelo Anthony 7 6'8 2003 240 Syracuse 24.1 6.5 3.0 81.2 47.3 34.7 20.3 111.4 108.6 34 1.0 2.7 0.5 Rockets 15 
Lamarcus Aldridge 12 6'11 2006 260 Texas 19.4 8.3 1.9 80.6 49.4 28.8 20.7 108.2 105.4 33 0.8 1.6 1.1 Spurs 12
Kawhi Leonard 2 6'7 2011 230 SDSU 16.3 6.2 2.3 84.6 53.7 38.6 22.1 117.8 106.1 27 1.8 1.4 0.7 Raptors 7 
Gordan Hayward 20 6'8 2010 226 Butler 15.6 4.2 3.4 82 47.8 36.8 17.7 111.0 108.3 28 1.0 2.0 0.4 Celtics 8 
Jason Tatum 0 6'8 2017 205 Duke 13.9 5.0 1.6 82.6 49.2 43.4 15.3 107.0 100.3 20 1.0 1.4 0.7 Celtics 1  
Ben Simmons 25 6'10 2016 230 LSU 15.8 8.1 8.2 56.0 55.1 0 20.0 109.4 101.4 22 1.7 3.4 0.9 76ers 1 
Lebron James 23 6'8 2003 250 St.Marys(HS) 27.2 7.4 7.2 73.9 54.7 34.4 27.7 116.3 103.2 33 1.6 3.5 0.8 Lakers 15 
Kevin Love 0 6'10 2008 251 UCLA 18.3 11.3 2.3 82.4 47.8 37.0 21.9 115.9 107.6 29 0.7 1.9 0.5 Cavaliers 10
Giannis Antetokounmpo 34 6'11 2013 222 Greece 17.2 7.5 3.8 74.6 53.7 28.4 20.3 111.3 109.2 23 1.2 2.4 1.3 Bucks 5 
Blake Griffin 23 6'10 2009 251 Oklahoma 21.5 9.2 4.3 68.3 52.2 32.4 22.4 112.6 105.4 29 0.9 2.5 0.5 Pistons 9
Paul Millsap 4 6'8 2006 246 LouisianaTech 14.2 7.4 2.3 73.4 51.3 33.0 19.1 110.6 102.8 33 1.3 1.8 1.0 Nuggets 12  
Vince Carter 15 6'6 1998 220 UNC 17.7 4.5 3.3 79.9 46.1 37.3 19.1 108.6 105.5 41 1.0 1.8 0.6 Hawks 20 
Dirk Nowitzki 41 7'0 1998 245 Germany 21.2 7.7 2.5 87.9 49.7 38.3 22.6 115.9 104.3 40 0.8 1.7 0.9 Mavericks 20
Nicolas Batum 5 6'8 2008 200 France 12.1 5.3 3.8 83.9 50.2 35.5 15.2 109.7 109.3 29 1.0 1.9 0.6 Hornets 10
Andre Iguodala 9 6'6 2004 215 Arizona 12.6 5.2 4.4 71.3 51.6 33.3 15.8 110.8 105.1 34 1.5 2.0 0.5 Warriors 14